 1856    0.67    0.45    0.36    0.06    0.03   -0.02    0.25    0.53    0.50    0.34    0.20    0.16
 1857    0.14    0.02    0.05    0.31    0.11    0.33    0.67    0.85    0.92    0.87    0.55    0.81
 1858    0.95    0.73    0.59    0.58    0.41    0.15   -0.09    0.21    0.23    0.20    0.22    0.27
 1859    0.31    0.42    0.33    0.43    0.71    0.86    0.87    0.88    0.45    0.14   -0.09   -0.10
 1860   -0.31   -0.65   -0.51   -0.37   -0.41   -0.13    0.11    0.24    0.33    0.15   -0.05    0.20
 1861    0.07    0.09    0.12    0.00   -0.31   -0.33   -0.18    0.00   -0.21   -0.20   -0.12    0.40
 1862    0.55    0.55    0.76    1.04    1.02    0.80    0.62    0.50    0.12    0.05   -0.01    0.20
 1863    0.33    0.68    0.78    1.01    1.13    1.09    1.06    1.13    1.05    0.90    0.62    0.58
 1864    0.02   -0.02    0.30    0.44    0.69    0.84    0.80    1.00    1.30    1.36    0.98    0.99
 1865    0.80    0.75    0.67    0.97    1.25    1.48    1.51    1.41    1.51    1.67    1.88    1.95
 1866    2.21    1.80    1.49    1.53    1.34    1.58    1.69    1.68    1.58    1.69    1.69    1.57
 1867    1.91    2.12    2.32    2.24    2.27    2.06    1.54    1.54    1.08    0.43   -0.07    0.02
 1868    0.11    0.59    0.56    0.61    0.85    1.00    1.05    1.42    1.92    1.66    2.08    1.97
 1869    1.43    1.03    0.92    0.66    0.11   -0.05   -0.04   -0.35   -0.38   -0.47   -0.67   -1.01
 1870   -1.06   -1.02   -1.16   -0.96   -0.97   -0.89   -0.37   -0.42   -0.48   -0.27   -0.32   -0.19
 1871   -0.08    0.13    0.14    0.22    0.07   -0.07   -0.05    0.10    0.10   -0.01   -0.26   -0.41
 1872   -0.55   -0.78   -0.76   -0.74   -0.65   -0.60   -0.38   -0.08    0.07   -0.05    0.00   -0.35
 1873   -0.55   -0.59   -0.66   -0.63   -0.63   -0.58   -0.36   -0.05   -0.37   -0.64   -1.01   -0.87
 1874   -0.83   -0.86   -1.10   -0.38   -0.08    0.07    0.04   -0.05   -0.01    0.20   -0.06    0.04
 1875   -0.11   -0.21   -0.61   -0.61   -0.58   -0.70   -0.44   -0.63   -0.59   -0.42   -0.39   -0.91
 1876   -1.04   -1.14   -0.89   -0.52   -0.38    0.02    0.13    0.34    0.23    1.01    1.04    1.16
 1877    1.47    1.66    1.81    2.03    2.02    2.16    2.37    2.52    2.72    2.84    2.67    2.49
 1878    2.49    2.40    2.14    1.57    1.42    1.07    1.06    1.13    0.72    0.40    0.08   -0.08
 1879   -0.12   -0.22   -0.14   -0.08   -0.10   -0.08    0.36    0.64    0.55    0.24    0.25    0.21
 1880    0.61    0.51    0.25    0.21   -0.01   -0.03   -0.06    0.55    0.86    1.29    1.31    1.50
 1881    1.08    1.23    0.84    0.85    0.87    0.36    0.03    0.18    0.71    0.76    0.88    0.68
 1882    0.19    0.00   -0.19   -0.35   -1.12   -0.86   -0.92   -0.80   -0.29   -0.12    0.34    0.32
 1883    0.07   -0.05    0.19    0.31    0.66    0.57    0.40    0.23    0.31    0.45    0.53    0.48
 1884    0.37    0.88    0.93    1.41    1.49    1.02    0.75    0.90    1.09    1.46    1.58    1.53
 1885    1.13    0.39    0.14   -0.02   -0.15   -0.29   -0.28   -0.20    0.18    0.40    0.25   -0.01
 1886   -0.33   -0.57   -0.82   -1.02   -0.79   -0.85   -0.99   -0.53   -0.21   -0.28   -0.07   -0.48
 1887   -0.37   -0.47   -0.37   -0.28   -0.17   -0.17   -0.24    0.20    0.14    0.29    0.42    0.65
 1888    0.07    0.44    0.49    0.91    1.41    1.58    1.57    1.79    2.22    2.36    2.25    2.23
 1889    1.69    1.65    1.36    1.10    0.52    0.25    0.28    0.12   -0.02   -0.21   -0.16    0.02
 1890   -0.33   -0.40   -0.41   -0.45   -0.07   -0.20   -0.80   -0.92   -0.90   -1.07   -1.10   -0.69
 1891   -0.13    0.74    0.98    1.45    1.36    1.37    1.13    0.67    0.19    0.07   -0.01    0.16
 1892   -0.16   -0.03   -0.29   -0.53   -0.61   -0.63   -0.78   -0.94   -0.99   -1.08   -1.00   -1.02
 1893   -1.12   -1.02   -0.67   -0.60   -0.71   -0.97   -0.80   -0.55   -0.53    0.08    0.31    0.13
 1894    0.30    0.11    0.43    0.54    0.33    0.40    0.39    0.30    0.02   -0.16   -0.26   -0.03
 1895   -0.04   -0.29   -0.24   -0.01    0.17    0.23    0.40    0.90    0.89    1.16    1.49    1.18
 1896    0.96    0.81    0.60    0.43    0.53    0.96    1.21    1.54    1.79    1.73    1.80    1.46
 1897    1.56    1.85    1.68    1.52    1.38    0.88    0.82    0.97    0.70    0.71    0.37    0.01
 1898   -0.28   -0.09   -0.13   -0.12   -0.04    0.11   -0.23   -0.30   -0.55   -0.71   -1.03   -0.19
 1899   -0.11    0.05    0.46    0.75    0.86    1.10    1.23    1.75    1.76    1.74    1.77    1.70
 1900    1.61    1.61    1.44    1.14    1.03    1.01    1.00    0.70    0.55    0.62    0.40    0.16
 1901   -0.34   -0.12   -0.03   -0.07   -0.05   -0.26   -0.19   -0.30   -0.54    0.35    0.85    0.78
 1902    0.69    0.62    0.65    0.85    1.04    1.29    1.57    1.57    1.63    1.84    1.77    1.08
 1903    0.59    0.09   -0.09   -0.48   -0.36   -0.55   -0.45   -0.35   -0.17   -0.08   -0.28   -0.21
 1904   -0.20   -0.32   -0.34   -0.11    0.20    0.78    1.38    1.90    1.73    1.52    1.21    1.00
 1905    0.71    0.76    0.72    1.08    1.31    1.46    1.14    1.43    1.07    0.92    1.00    0.45
 1906    0.59    0.65    0.80   -0.02   -0.62   -1.02   -1.05   -1.25   -0.81   -0.67   -0.71   -0.58
 1907   -0.15    0.09   -0.33   -0.54   -0.76   -1.23   -0.74   -0.43   -0.21   -0.18   -0.33   -0.41
 1908   -0.23   -0.14   -0.10   -1.03   -1.09   -0.62   -0.64   -0.71   -0.52   -0.39   -0.57   -0.64
 1909   -0.86   -1.11   -0.88   -0.89   -1.13   -1.46   -1.45   -1.02   -0.79   -0.97   -1.36   -1.13
 1910   -1.05   -0.73   -1.06   -1.57   -1.11   -0.97   -0.93   -1.22   -0.64   -0.91   -0.74   -0.94
 1911   -0.70   -0.58   -1.15   -1.11   -0.38    0.24    0.57    1.12    1.11    1.19    1.44    2.06
 1912    1.90    1.34    0.95    0.60   -0.09   -0.24   -0.16   -0.27    0.26    0.17   -0.53   -0.29
 1913    0.50   -0.03   -0.27   -0.70   -0.86    0.04   -0.02    0.45    0.59    1.18    1.46    1.52
 1914    1.06    0.04    0.14    0.15   -0.20   -0.56    0.03    0.86    1.02    1.10    1.19    1.30
 1915    1.49    1.82    1.73    1.98    1.61    1.16    0.53    0.11   -0.04   -0.19   -0.45   -0.63
 1916   -1.29   -1.35   -1.26   -1.10   -1.40   -1.92   -1.97   -2.26   -1.60   -1.54   -1.58   -1.35
 1917   -0.36   -0.62   -0.39    0.32    0.38    0.77    1.02    1.24    0.48   -0.28   -0.68   -0.49
 1918   -0.68   -0.65    0.03    0.82    1.58    2.03    2.38    2.29    1.71    1.88    1.67    1.53
 1919    1.02    1.03    1.00    0.91    1.06    1.05    0.29    0.68    0.52    0.69    0.10    0.49
 1920    1.34    1.15    0.78    0.21    0.20   -0.47   -0.88   -0.53   -0.08   -0.54   -0.09    0.11
 1921   -0.13   -0.35   -0.27   -0.76   -0.52   -1.11   -1.11   -0.74   -0.36   -0.17   -0.22   -0.03
 1922   -0.42    0.35    0.03   -0.50   -0.82   -0.95   -0.88   -0.80   -1.42   -0.96   -1.17   -1.09
 1923   -0.24   -0.10   -0.31    0.20    0.40    1.06    1.05    0.19    0.31    0.02    0.18    0.40
 1924   -0.42   -0.46   -0.72   -1.31   -1.60   -1.79   -1.26   -1.03   -0.95   -0.46   -0.66   -0.69
 1925   -0.31    0.75    0.73    1.20    0.93    1.14    1.23    1.62    1.55    1.23    1.15    1.57
 1926    1.43    1.04    1.32    1.27    0.06   -0.37   -0.31   -0.63   -0.56   -0.04   -0.15   -0.04
 1927    0.02    0.13   -0.20   -0.50   -0.55   -0.77   -0.66   -0.21   -0.32   -0.09    0.02   -0.33
 1928   -0.15    0.18   -0.15   -0.08   -0.29   -1.09   -0.80   -0.78   -0.55   -0.82   -0.97   -0.93
 1929   -0.71   -0.15   -0.02    0.06    0.17    0.28    0.35    0.09   -0.01   -0.38   -0.42   -0.48
 1930   -0.76   -0.32    0.00    0.46    0.36    0.41    0.77    1.02    1.43    1.81    1.85    1.67
 1931    1.51    1.02    0.80    0.69   -0.41   -0.64   -0.43   -0.28   -0.17    0.33   -0.14   -0.03
 1932    0.52    1.12    1.36    1.61    1.68    1.34    0.75    0.42    0.00    0.33    0.00   -0.27
 1933   -0.53   -0.01    0.04    0.05   -0.63   -0.37   -0.40   -0.06    0.10   -0.07   -0.40   -0.41
 1934   -0.22   -0.15    0.07   -0.19   -0.85    0.15    0.19    0.29    0.33   -0.54   -0.65   -1.61
 1935   -1.54   -1.51   -0.13    0.23   -0.21   -0.71   -0.46   -0.36    0.20   -0.16    0.27    0.14
 1936   -0.19    0.32    0.48    0.69    0.54   -0.14   -0.66   -0.68   -0.29    0.11    0.09   -0.13
 1937    0.02    0.00    0.36    0.03   -0.98   -0.74   -0.27   -0.53   -0.64   -0.34   -0.55   -0.35
 1938   -0.37   -0.24   -0.36   -0.61   -1.07   -1.58   -1.95   -1.03   -0.42    0.44    0.21   -0.38
 1939    0.18    0.70    0.75    0.69    0.38    0.63    0.96    1.12    0.50   -0.17   -0.18    0.12
 1940    0.62    0.26    0.80    0.82    0.80    0.57    0.58    0.71    0.51    0.14    0.29    0.36
 1941    0.65    1.58    2.42    1.89    0.86    0.50   -0.02    0.26    0.56    1.32    1.65    1.40
 1942    0.99    0.08   -0.35   -0.79   -0.96   -1.37   -1.50   -1.35   -0.61   -0.91   -1.25   -0.67
 1943    0.42    0.02   -0.27    0.17    0.02    0.22    0.38    0.49    0.19    0.45    0.04   -0.01
 1944   -0.62   -0.08   -0.06    0.29    0.13    0.44    0.48    1.01    0.65    0.60   -0.28   -0.61
 1945   -0.38    0.11    0.17    0.76    0.57    0.70    0.37    0.94    1.24    1.05    0.47    0.23
 1946    0.05    0.22   -0.24    0.12   -0.03   -0.51   -0.74   -0.80   -0.33   -0.19    0.11    0.36
 1947    0.40    0.07    0.13   -0.37   -0.47   -0.51   -0.37   -0.74   -0.27    0.10    0.08   -0.18
 1948    0.09    0.55    0.73    0.24    0.25   -0.19   -0.66    0.01   -0.16   -0.09   -0.14   -0.66
 1949   -0.07    0.57    0.86    0.64    0.04    0.04   -0.81   -0.60   -0.70   -1.01   -0.54   -0.52
 1950   -0.77   -1.00   -0.85   -1.42   -0.73   -0.97   -0.77   -0.16   -0.41   -0.25   -0.74   -0.31
 1951    0.55   -0.25   -0.31    0.17    1.15    2.22    2.51    1.79    1.22    1.44    1.23    0.40
 1952   -0.02    0.22    0.35   -0.64   -0.26   -0.56   -1.03   -0.63   -0.55   -0.16   -0.45    0.04
 1953    0.11    0.48    1.04    1.83    1.78    1.07    1.10    1.18    1.19    0.54    0.60    0.01
 1954   -0.77   -0.54   -0.87   -2.13   -2.21   -1.93   -1.79   -1.14   -1.34   -1.21   -1.23   -1.07
 1955   -0.37   -0.70   -1.18   -1.04   -1.78   -1.95   -1.48   -1.28   -1.10   -1.51   -1.23   -1.16
 1956   -0.45   -0.33   -0.30   -0.39   -0.60   -0.41    0.02    0.06   -0.22   -0.55   -0.57   -0.69
 1957   -0.93    0.25    1.31    1.88    2.43    2.40    2.03    1.49    1.39    1.13    1.09    1.24
 1958    1.17    1.38    1.33    1.25    0.93    0.80    0.97    0.04    0.07    0.50    0.35    0.18
 1959   -0.11    0.08    0.88    0.77    0.44    0.07   -0.21   -0.24   -0.09    0.23    0.32    0.29
 1960    0.22   -0.14   -0.44   -0.76   -0.61   -0.70   -0.86   -0.35   -0.06   -0.21   -0.78    0.13
 1961    0.41    0.44   -0.11   -0.43   -0.56   -0.22   -1.07   -0.23   -0.50   -0.04    0.19   -0.04
 1962    0.04   -0.14   -1.42   -1.49   -0.75   -1.00   -0.96   -0.39   -0.56   -0.38   -0.48   -0.37
 1963   -0.14   -0.43   -0.05   -0.54    0.12   -0.06    0.26    0.75    0.80    0.43   -0.06   -0.11
 1964   -0.45   -0.39   -0.60   -0.88   -1.98   -1.51   -1.12   -1.31   -0.69   -0.65   -0.16   -0.49
 1965   -0.15    0.14    0.95    1.86    2.30    2.24    2.15    1.68    0.87    1.18    1.02    1.16
 1966    0.73    0.16   -0.67   -0.61   -0.87   -1.04   -0.44   -0.34   -0.47   -0.32   -0.04    0.21
 1967   -0.39   -0.02   -0.44   -0.27   -0.64   -0.89   -0.73   -0.98   -1.19   -0.99   -1.45   -1.19
 1968   -1.12   -0.87   -1.06   -1.11   -1.43   -0.87   -0.26    0.06    0.65    0.35    0.08    0.43
 1969    0.22    0.00    0.88    1.37    1.84    1.59    0.65    0.17    0.41    1.36    0.88    0.87
 1970    0.50   -0.05   -0.68   -0.73   -1.03   -1.53   -2.06   -1.62   -1.11   -0.75   -0.53   -0.63
 1971   -1.06   -0.98   -0.97   -0.41   -0.77   -0.40   -0.42   -0.62   -0.79   -0.30   -0.32   -0.11
 1972   -0.03    0.97    1.16    1.57    1.94    2.15    2.70    2.78    1.58    1.86    2.00    2.27
 1973    1.91    0.74    0.04   -0.62   -0.82   -0.80   -0.78   -1.28   -1.21   -1.44   -1.06   -0.98
 1974   -0.70   -0.49   -0.29   -0.01    0.20   -0.11   -0.13   -0.19   -0.46   -0.95   -0.59   -0.67
 1975   -0.82   -0.40    0.12    0.17   -0.55   -0.79   -0.53   -0.68   -1.22   -1.29   -1.43   -1.09
 1976   -0.41   -0.01    0.19    0.48    1.15    1.82    1.99    1.78    1.46    1.23    0.98    1.35
 1977    1.15    0.31    0.10   -0.38   -0.41    0.05    0.34   -0.54   -0.41    0.06   -0.30   -0.35
 1978    0.18    0.16   -0.38   -0.25   -0.81   -0.99   -0.74   -1.16   -0.75   -0.48    0.30    0.58
 1979    0.53   -0.01   -0.01    0.10   -0.01    0.20   -0.02    0.51    0.65    0.69    0.19   -0.07
 1980   -0.09    0.10    0.33    0.17    0.36    0.01   -0.85   -0.24   -0.21   -0.28   -0.32   -0.46
 1981   -1.18   -0.71   -0.31   -0.36   -0.58   -0.22   -0.41   -0.19   -0.19   -0.01    0.12    0.57
 1982   -0.17   -0.58   -1.31   -0.97   -0.23    0.07    0.87    1.10    1.44    2.12    3.00    3.34
 1983    2.96    2.02    2.16    3.09    3.99    4.62    4.35    3.13    1.88    1.04    0.31    0.22
 1984   -0.28   -0.89   -0.52   -0.31   -0.97   -0.86   -0.36   -0.48    0.01   -0.30   -0.09   -0.21
 1985   -0.87   -1.20   -0.78   -1.22   -1.91   -1.07   -1.16   -1.36   -0.92   -0.92   -0.90   -0.39
 1986    0.15   -0.01   -0.61   -0.89   -0.82   -0.84   -0.48    0.32    0.08    0.25    0.44    0.21
 1987    0.84    1.07    1.49    1.70    1.38    1.24    1.18    1.08    1.09    1.57    1.04    0.68
 1988    0.18   -0.33   -0.74   -0.93   -0.60   -1.55   -1.34   -1.53   -1.17   -1.32   -1.04   -0.99
 1989   -0.37    0.19    0.14    0.16   -1.02   -0.82   -0.48   -0.33   -0.49   -0.49   -0.28   -0.60
 1990   -0.44   -0.19   -0.36   -0.25   -0.15   -0.14   -0.60   -0.40   -0.23   -0.54   -0.75   -0.34
 1991   -0.60   -0.10   -0.01   -0.48    0.17    0.23    0.45    0.43    0.39    0.31    0.59    0.64
 1992    0.37    0.61    1.24    2.21    2.11    1.00    0.35   -0.10   -0.30    0.00   -0.10   -0.31
 1993   -0.03    0.42    0.65    0.97    0.95    0.94    0.46    0.40    0.47    0.17    0.05   -0.04
 1994   -0.14   -0.28   -1.09   -1.15   -0.98   -0.39   -0.39   -0.95   -0.20    0.71    0.82    0.82
 1995    0.87    0.36   -0.40   -1.00   -1.10   -0.37   -0.37   -0.64   -0.19   -0.67   -0.39   -0.77
 1996   -0.62   -0.36   -0.43   -1.62   -1.31   -1.26   -1.58   -1.12   -1.12   -0.87   -1.33   -1.18
 1997   -0.79   -0.33    0.43    1.17    2.51    3.45    3.99    4.15    4.04    3.76    4.04    4.13
 1998    3.76    2.91    2.63    3.14    3.49    2.36    1.83    1.12    0.51    0.34   -0.16   -0.23
 1999   -0.73   -0.43    0.10   -1.17   -0.74   -0.99   -1.16   -0.90   -1.13   -0.77   -1.08   -1.07
 2000   -0.60   -0.36   -0.33    0.37   -0.10   -0.57   -1.01   -0.55   -0.42   -0.45   -0.99   -0.57
 2001   -0.58   -0.16    0.92    1.22   -0.43   -1.08   -0.72   -0.75   -0.97   -1.30   -1.10   -0.83
 2002   -0.82   -0.01    1.01    1.06    0.60   -0.15   -0.59   -0.71   -0.47    0.34    0.66    0.65
 2003   -0.08   -0.26   -0.55   -1.03   -1.71   -1.24   -0.85   -0.51   -0.36    0.17    0.33    0.20
 2004    0.14   -0.26   -0.58   -0.15   -1.15   -1.22   -0.89   -1.03   -0.29    0.10    0.37    0.15
 2005    0.01   -0.58   -0.92   -0.57    0.20   -0.35   -0.42   -0.04   -0.65   -1.10   -0.97   -0.50
 2006   -0.13    0.39    0.25   -1.32   -0.34   -0.05    0.59    0.94    1.07    1.40    1.10    0.66
 2007    0.53    0.17   -0.78   -1.17   -1.47   -1.23   -1.33   -1.49   -1.79   -2.02   -2.10   -1.77
 2008   -0.60    0.25    0.78    0.42    0.21    0.73    1.03    1.14    0.83   -0.07   -0.15   -0.36
 2009   -0.10   -0.11   -0.26    0.37    0.56    0.85    1.02    1.00    0.47    0.17    0.51    0.35
 2010    0.30   -0.06   -0.40    0.45    0.00   -0.27   -1.54   -1.37   -1.44   -1.73   -1.56   -1.34
 2011   -0.44    0.08   -0.43    0.16    0.62    0.85    0.45    0.00   -0.59   -0.60   -0.80   -0.96
 2012   -0.64    0.16    0.27    1.30    1.20    1.59    0.99    0.35    0.49   -0.11   -0.38   -0.68
 2013   -0.52   -0.41    0.07   -0.86   -1.38   -1.40   -1.33   -0.98   -0.57   -0.63   -0.54   -0.20
